Sample_id,Class_1,Class_2,Class_3,Class_4,Class_5,Class_6,Class_7,Class_8,Class_9,Class_10
1,0.0753927941825673,0.060891676215567445,0.7766998205619674,0.0020347764755344936,0.008187524573317758,0.0073037460484014554,0.0663937511156781,8.703924545196666e-05,0.0016192617344052064,0.00138960984710879
2,0.06932255615999883,0.015874479444163363,0.1517302736900724,0.019470722501259436,0.0016916200779890293,0.0014224474561215384,0.09872244649524292,0.00039392860229360067,0.6412662296470554,0.00010529592580358767
3,0.6483300730146738,0.02523832669786521,5.938757962344186e-05,0.00028702355595429087,0.00928088260070742,0.038290443531156244,0.04772570074824654,0.21337053181340937,2.1574514000503388e-05,0.017396055944363185
4,0.9874141062514262,0.005446897236161583,0.002305201359114682,5.96650143993302e-05,0.00030722835345938263,6.066761210503412e-05,0.004248748294622154,3.03839821170941e-05,2.4688879542780893e-06,0.000124633008640134
5,0.9414358978923503,0.004418757229154374,0.003940569454243349,0.000757944905788258,0.00018330443206916473,0.0459216803882647,0.00032586916879935373,0.001569471938387601,0.0007497415381488473,0.0006967630527940458
6,0.33786673339592,0.000562350051214748,0.0019811786994147597,0.0005532771245772579,0.10954732784832817,0.030236528935427467,0.011650164671550323,0.5054082992216082,3.0257899550662957e-05,0.002163882152408412
7,0.1495222994510407,0.04540197287597596,0.006120358441376124,0.011924484002273347,0.29112563221981685,0.13125819094538577,0.07833576766332696,0.010994068485564326,0.269972086246529,0.0053451396687107956
8,0.7285834818200552,0.012229785494331505,3.327854951552533e-06,0.0006151458880369804,0.07001096617725577,0.0009158027750001636,0.0597853074792016,0.11644162317545809,5.218358407783451e-06,0.011409340977301502
9,0.939700262706067,0.00033141157631839897,0.00021381388150538096,6.822679080854161e-05,0.04823074515564556,0.0012057822435352858,0.005252514129864423,0.0006606715927567591,0.00424549199958009,9.107992391863101e-05
10,0.6360274276708522,0.30043033535093594,0.057021763286987145,0.0011098019360583605,0.0005120416080149944,4.648700929613682e-05,0.0006200846872587689,0.0025062561158082667,0.0016017987849926531,0.0001240035497954385
11,0.8220109158657227,0.02272258574491407,0.0027928648521433567,0.00011526563662314773,0.0822189759165751,0.03397923303485822,0.014468657060367245,0.018702190496327285,0.00013888479587760168,0.0028504265965911472
12,0.02473380532413945,0.004161632851744356,0.0004572155837022133,0.07416876711751746,0.29478005773239513,0.0003358359519280764,0.14559902791144988,0.0025369030553029025,3.65894884368731e-05,0.45319016498338355
13,0.8572053972491843,0.011852096641727218,0.050887137034905265,0.00012418948311309226,0.003589697875914419,4.918202559885467e-05,0.006417259751843141,3.0137961116021994e-05,1.3080936365829336e-05,0.06983182104023188
14,0.26799384074855404,0.0006866713226118394,0.004265929102460761,0.4654555855800806,0.009469893269495218,0.0015592958821338031,0.0003197119289825986,0.24118092160443827,0.0009411185075145716,0.008127032053728387
15,0.8739589907425764,0.0056685308902512345,9.156883338944343e-07,0.037136701638137155,0.0008578947742748984,0.014090206325005874,0.06671658713732856,0.0003155287039300263,0.00014163338495912556,0.0011130107152028394
16,0.37577346172217735,0.1037059343147653,1.7482823201311997e-05,0.006052563490659388,0.03743296187367978,0.0009429157310387633,0.08470079398337947,0.065974040210309,0.006003021691976805,0.3193968241588128
17,0.4269727799211464,0.07084364095803425,0.14126893013890643,0.06496293040114753,0.11843092716471139,0.08293598490889151,0.01099667960411618,0.019866648925949252,0.01307974180396702,0.05064173617312998
18,0.9288625580488308,0.0013838888455364369,0.0694444163425731,1.8210546561562261e-07,9.399793150910551e-06,0.0002266716874323804,7.253081774293505e-05,1.692009853715723e-08,1.6581048361977727e-07,1.6962868555871663e-07
19,0.18970335811600011,0.0018341168941663308,0.6711571241222177,5.079574220278504e-05,0.0014229643906584588,0.12362410737071122,0.0056550096449966974,0.004330243707275989,0.0005894905338176433,0.001632789477953
20,0.4669665958571801,0.5220182071554206,1.288721653545597e-05,0.007108737013500703,0.001137333262964148,0.0006020052009262515,0.0003691042980451445,8.374306112921695e-05,0.0014331325695590602,0.0002682543647393808
21,0.5784769397677633,0.4049661591533067,0.004628862208454747,1.1116259134284441e-05,8.882573845113762e-05,7.724337438035778e-05,0.001428288728552566,2.7467406580752708e-05,2.483263313685792e-05,0.010270264730239367
22,0.9450444998750387,0.0001746732598929299,0.0021378010422793965,0.003772853076178567,0.00950444662104804,0.0020159503326023613,0.027464388009852108,0.006812437893215232,2.3917989626148334e-05,0.00304903190026654
23,0.9574083204807524,0.0018602053323816643,0.00037494559687202534,0.003067287102125629,0.029623679778654894,0.0007389682007802214,0.0029036905623327537,0.0012305093342846111,2.400004198080226e-05,0.0027683935698349653
24,0.19536492030869507,0.63460084145803,0.00259494240434794,0.006450341804553486,4.594740518964665e-05,0.012834254845515109,0.024826619272221,0.1036410399957203,3.2461537220155354e-06,0.019637846352005488
25,0.43364185607336386,0.19561502197311137,0.03410070346344788,0.00014178314532764795,0.0006590149011295372,0.0012623501214608101,0.014930656569818776,0.31907740451205424,0.00010568929653390462,0.000465519943752049
26,0.05740385199673987,0.1729752369238998,0.0006701289889234593,0.40610709124377414,0.02247603704847808,0.0016575569660358485,0.02124030349510309,0.00040378900779306144,0.0003205189610522522,0.3167454853682006
27,0.1660380162357439,0.19579114921916743,0.4668198318195969,0.06745005279718178,0.0005252590121422475,0.09438656249413685,0.004083085274225632,3.6501820699375614e-05,0.0047508357151965315,0.00011870561190938706
28,0.44361332545454646,4.832362946110939e-05,0.019643819217966742,0.010893650439427178,0.02158361341806307,0.0037049410775034258,0.026668835710845655,0.44408883383721354,0.02327845223010248,0.006476204984870585
29,0.31088487489048217,9.215792290698198e-05,0.000896552228604013,0.01051527299173913,0.03031638139579957,0.03192032818371219,0.006101924131757665,0.3186098290117593,0.2738695582733114,0.016793120969927546
30,0.8694249130313481,0.0008125686827228362,0.0008322050348124673,0.002651320380047633,0.043722951486852735,0.0066219421809847875,0.019339483125380186,0.05648655637989422,7.163743399430228e-05,3.6422263962703906e-05
31,0.06463990086609066,0.023206691516322202,0.011155730474681309,0.47740377486036023,0.0023378135940643886,0.008711783274797106,0.011145432930462143,0.002124851753252562,9.341367458047352e-06,0.39926467936251125
32,0.8880135021559222,0.006858461549731513,0.08383490206833707,0.0004084498221190609,0.003004650195788303,3.215491151780141e-05,0.0031998876549529836,0.0003035697541327929,7.333198947298835e-06,0.014337088688550825
33,0.6030599409946356,0.1143387427356658,0.0003633178752136533,0.000609252914468442,0.0009848954695357067,0.000217665735702714,0.26967175429652107,0.00729239298804094,1.9661702591294284e-05,0.003442375287624854
34,0.11907806959688165,0.012143115932837803,0.0014012219712696713,0.014417801944586998,0.04195373956633359,0.07131636174171167,0.006012896526233124,0.08462146067752878,0.5017247126412439,0.1473306194013728
35,0.13844222315330093,0.06788810145353254,0.0001231074695340533,0.7109094877486701,0.00395871499476916,0.031964050106792076,0.014259138911544235,0.0007555136608178502,0.005370960092222854,0.026328702408816122
36,0.044400353281634206,0.05742938270478454,0.007586741060376479,0.005824018099324503,0.001674401514741572,0.8822582604704768,5.5295007425359533e-05,0.00013845441335751113,8.295844321814262e-08,0.0006330104894359207
37,0.9343981298880719,0.001682780313124351,0.0006877957267312225,0.01943686132287368,0.00026276778432982105,0.03765186453674332,0.00011896632758557553,0.003946055392581648,4.17310067028964e-05,0.0017730477012557712
38,0.9776950995578927,0.0003106344180395923,0.0017151688091453122,0.00010812667600368798,0.013677767923925808,0.0008076526823331499,0.003609905293593208,0.0007161330884852636,0.0011538899955417375,0.0002056215550395617
39,0.9943987443083324,0.00012275168051034362,0.0026209754662785897,0.0003759626343131955,0.0006411693567570765,2.0255966595288387e-05,4.358357180877783e-05,0.0014136977617355388,0.00016755227890603814,0.00019530697476269912
40,0.12516086458127199,0.7497351716141865,0.009362837979366542,0.01153700012553394,0.018328727813606466,0.06607714650985257,0.016126163169305728,0.0013589592629381219,0.000783713478340517,0.0015294154655977946
41,0.7421608762000743,0.008692195428588251,0.00022900795394587809,0.0003490649144357178,0.05494180654818237,0.08280860978153112,0.00495438056209778,0.0256663988756438,0.00022944673922377476,0.079968212996277
42,0.2609285694488096,0.7250085520015651,0.00093356858260518,0.0015750164419762991,0.00116543216318313,9.085891649641723e-06,0.00019348766595500566,0.007492161455461196,0.0016145914600429931,0.0010795348887517437
43,0.09199224348480213,1.1335422608688174e-05,0.4581497229812477,0.0002165797710417942,0.00032214496820459675,0.11806351435471896,3.471738535520398e-05,0.00203320568957212,0.004038706144050081,0.3251378297983988
44,0.8232205837455737,0.026156910117002278,0.005639777024089636,0.00433447921501879,0.009590938350836818,0.022402362408231385,0.02631218916867041,0.0461717610423254,0.02879253727935423,0.007378461648897283
45,0.7992122555768091,0.14812724459060853,0.0007234720855630662,0.02545192985593365,0.003945497540675075,0.0003655527157740635,0.0075751589976730095,0.00040542762788745295,0.0001450144484243227,0.014048446560651698
46,0.36540158945939377,0.6312403512795588,1.5079061044067746e-05,0.00028781768905707236,0.0020748851840224724,0.00017519514458923453,0.0003912951540245981,2.3049531290490032e-05,4.9014256003878085e-05,0.00034172324101548426
47,0.4375532113399327,0.5438431443942934,0.0006217419513254091,0.0067163533257995406,0.0033040879128035053,0.000953939794345388,0.006732068854413935,8.196724631287763e-06,0.00018960716897503563,7.764853347974488e-05
48,0.91458451049055,0.07421747040485716,0.00016609800439438277,0.0009101454615054256,0.0010668171948505906,4.381893519747672e-05,0.008403218685820944,0.0004940349136786377,1.5853238395338625e-05,9.803267075006451e-05
49,0.23653767364898873,0.02349955560872559,0.000348276456863642,0.4399953252233009,0.0056486187748986125,0.017556496038700114,0.0006054915471438611,0.26793969803383366,1.6611970249096281e-06,0.007867203470520001
50,0.42955058042267524,0.1936789474779024,0.00036874705693177835,0.00920060010376652,0.013298984210147304,0.07049188875447737,0.23526617832914692,0.03736498634707192,0.009528129884782908,0.001250957413097506
51,0.26194520810304545,0.7236254791501494,0.007351585776895163,6.585957115589722e-06,2.1963788253857396e-05,0.006883490626899535,4.651607322385599e-05,6.269762005465272e-10,8.673418556064949e-05,3.243571188037974e-05
52,0.1508412336562629,0.012450878380494293,0.4410202172896407,0.010765666269906878,0.15778921823224193,0.22446699369992903,0.0005650022620808877,0.0005298187043437821,0.00017402744851793044,0.0013969440565815817
53,0.0930482140676252,0.014965214429913665,0.00016854649287548356,0.40595772650452566,0.02321357465462408,0.04036339383917197,0.41384407525897193,0.0077422176515833776,0.0005480056373464711,0.0001490314633623655
54,0.7324381348054964,0.01067482082874528,2.178507304173099e-06,0.011918801990785115,0.04450371728630041,0.025684422791933028,0.0036617454235498394,0.16534261757392282,0.0037964140826639422,0.00197714670929894
55,0.009638425572867057,0.017710344550363497,0.8657638979502876,8.398059116415273e-06,0.002330728608539271,0.09093138076020203,0.0022549289943562764,0.000333335296384754,0.010991470478451443,3.708972943182468e-05
56,0.030098114023656957,0.0022328551407725084,0.8571582890710249,0.002462469871067448,0.07060735224988797,0.001832837486411318,0.008950743596545598,0.0001694907541916087,0.008029278239135228,0.01845856956730631
57,0.0077595559426609124,0.08733159353045865,0.00014193668314637292,0.0027553212019988385,0.4610844950692501,0.048094903675023774,0.03368948711945569,0.0006521433826429326,0.2830753296812608,0.07541523371410172
58,0.9752441998954116,0.002434590504113757,0.00011753515574175569,4.3468422466421985e-05,0.0015064598025252597,1.6486688398438482e-06,0.018316847704333943,0.0019542186614049666,5.05815033651456e-06,0.00037597303482612987
59,0.005432751094519253,0.01903511517772351,0.4624354013473934,0.00029075820447183097,0.09808378230558214,0.4071442093088901,0.00017631377223848826,2.195007886433219e-05,0.007250519628470573,0.00012919908184628865
60,0.3807215261239122,0.5911846954131048,0.009982494962999904,0.003685368576087266,0.005782673661566375,0.002011324676515456,0.0006233916662557042,0.0007273407730887113,4.893047244914403e-05,0.005232253674020561
61,0.7637044122367476,0.001888824298578585,0.0006101330156230231,0.021087906125312562,0.012196635709143266,0.003064060118784014,0.16763313604535943,0.0012287057780984722,0.00027436564823673636,0.028311821024116324
62,0.9767788306818538,0.0024539675151458596,0.008142582424825729,0.0007680008253610256,0.002054591559299143,0.0017027009651966187,0.003232557458100727,0.00031361120064442674,1.68156398024369e-06,0.0045514758055923785
63,0.01602724383893428,0.31502309092483066,3.5952585441524697e-05,0.19958940285970217,0.02968814091240464,0.34270742639305923,0.02701748173663837,0.0517403999930788,0.004535320815589303,0.013635539940321122
64,0.986618191498045,1.0004431565995139e-05,0.0020918203120644627,3.648415895762117e-05,0.002854334410390562,2.729606679747692e-05,0.0024651572263435957,0.000371739829050392,2.3024701652038105e-05,0.0055019473651328355
65,0.45614624892035577,0.0016052001323951426,0.000722419950173046,0.1980025343457941,0.045127380632896404,0.2265743495761767,0.00592144207907204,0.016744316122729558,0.048054686285614885,0.0011014219547923092
66,0.5586791077438072,0.3176710069728589,0.0003764092679988045,7.700297749599809e-07,3.4637950096400822e-06,1.2076233705910299e-05,1.2561124246329697e-05,5.5222176479293666e-08,1.7690664658362865e-08,0.12324453191975719
67,0.8800810787194323,0.026072329462831292,0.0022427583538932082,0.017600472414532452,0.00022053631221167707,0.011763832776806274,0.0001982598259075086,0.032859291488717274,0.0016539521423846006,0.027307488503283312
68,0.014182809796539611,0.5169817508591432,8.634726117707009e-06,0.35158481911669703,0.0065234599669591236,0.0017057548456203202,0.10696175587464062,0.00019162809147435202,4.7070877788601e-06,0.001854679635029239
69,0.055610141589738316,0.7562781677342739,0.002884348305432597,0.05298189645140871,0.05683047825171078,0.0032792266973191543,0.07026824010721286,0.0004383147972121228,2.3591756210291928e-05,0.0014055943094812985
70,0.9155403179439683,0.028183014628239782,0.01773502441424773,0.002204725280288585,0.013404772452542957,0.00196068378593752,0.0024559089532229777,0.01577132517947403,0.00010075049737035098,0.0026434768647078666
71,0.7896368077504607,0.0001248631818722781,0.0007905642494180965,1.3521845743802438e-08,0.0002760806267324033,0.007444137786604278,4.913346791807967e-05,0.20086116992716546,1.1317166671263937e-05,0.0008059123213116625
72,0.6084164900392023,0.00793661055816763,0.0007118886680685003,0.0088302622567588,0.25744342318676666,0.01344663434207661,0.08490919469972698,0.0158751524989898,0.0006987288380280228,0.0017316149122148785
73,0.5384565358179602,0.013282866120562417,0.00037499606487745464,0.05434781215692642,0.0024974035946899345,0.1730807555032495,0.0002887355037762028,0.16356778896616095,0.00010246870352755674,0.05400063756826955
74,0.20593414255670714,0.010154436593557496,9.342565303446925e-05,0.006504137129487867,0.16230875684452373,0.025654526535076636,0.5664316257237023,0.006669080333254243,3.676521478311847e-05,0.016213103415872884
75,0.3919335524081699,0.01158387341670306,7.51798892476737e-05,1.0774083814160016e-05,0.0029365623759812923,0.00012103463909422686,0.0014911182193150523,0.5698686263164915,0.020589397636642522,0.0013898810145404994
76,0.08660889937854255,0.6183937701834356,0.2932733130838229,5.108280546635995e-06,1.636937100733235e-05,0.0008812796571564737,0.0005572125278092513,3.475783091763609e-06,0.00015140360622283104,0.00010916812836464522
77,0.40124181883226984,0.1640867907018957,0.0031007412221649294,0.0006415116689204109,0.0003739350270348071,0.4158110825118399,3.0721361480689965e-05,0.014451251261998092,1.2205577941501276e-05,0.00024994183445405083
78,0.11891611304715789,0.05538278105390869,0.7490636900803317,9.277490920668045e-05,0.008690840662206272,0.01785747213334382,0.0035417097417205223,0.0002476557710649838,0.032293775321675884,0.013913187279383475
79,0.092710792470815,0.0023160817927366938,0.05653332209374064,0.010735502381451316,0.013490794403652272,0.22313798412711516,0.011625185635076885,0.0018830514016051135,0.5610908981400442,0.026476387553762668
80,0.3141183229509271,0.1584860756306986,0.005362375110770609,0.0024704675552829985,0.022417096133549624,0.07401995527948767,0.04402475048394823,0.020406372589723783,0.007496516620135599,0.3511980676454756
81,0.001739546063895729,0.03738162814604396,0.44962315301146843,0.0003140160013461066,0.002012481273785131,0.42885709096736885,0.00040423349574225106,0.000893797621935812,4.670681405290027e-05,0.07872734660436081
82,0.9299636436956361,0.0029617241645403503,1.4421563956111504e-05,0.009667245339980661,0.0021620886354446157,0.004678050612713974,0.013680763481866264,0.03682200107572999,6.865007071865959e-06,4.3196423059979665e-05
83,0.7582669648787167,0.01797511884147449,2.1290421653210554e-07,7.813306359266312e-05,0.0015571532971401735,3.495759621484735e-05,0.21752667669538844,0.0006183208143525712,0.00189928571915717,0.0020431761897465404
84,0.3846769548428329,0.5270456339112908,0.00020863822823591972,0.0816956975357062,0.002520314543972123,0.00022698633084276894,0.002410188957053443,0.00011797306864116407,6.618678808118772e-06,0.001090993902616814
85,0.005998363952977385,0.0011096026491724414,0.47429527008123484,0.003070322320748921,0.005363146043000848,0.02287189518869574,0.00011118319770310559,1.9533496693216576e-05,0.4871582842799554,2.398789818049208e-06
86,0.8971449451313865,0.00048720699791526264,0.0003432784597974781,0.0008409691361707202,0.009896948931524803,5.84230397754428e-05,0.08676758786674578,0.0008328900397274132,0.0003904138762571017,0.003237336520699355
87,0.3328796822813519,0.33570063153582674,0.0005764467916939882,0.051598489825095774,0.00028766395285626114,0.001091991460050955,0.2553591662746668,6.666335499760097e-06,2.2911502025776403e-07,0.022499032427937316
88,0.028661040367840694,0.24492013651330352,0.08005310311985576,0.023523190539813988,0.014567160465605489,0.32875923485648706,0.03217176935303569,8.496984851723677e-05,0.0002420290815706544,0.24701736585396977
89,0.07584445993602386,0.001066954888737079,0.0013586981695314076,0.4494579896092068,0.0008415722172233119,0.007740187792042003,0.0010499873133563381,0.36492538709570127,0.00014592043455483722,0.09756884254362304
90,0.7330120218437042,0.002641757651542433,0.0013887207271892873,0.015673488561085788,0.009917718386912522,0.017409732234879367,0.01459210474214056,0.2038164259174607,0.0012857236871016858,0.00026230624798358274
91,0.4815716164025415,0.009624854265399234,0.05680321321564608,0.017584346858840676,0.02112076042844777,0.24521893905548248,0.007603131361965504,0.006189674370067348,0.0002176606335756864,0.15406580340803377
92,0.07880697741586612,0.09323820363933147,0.7493815142077507,0.004191975249546941,0.04823713090124792,0.0014772701524856512,0.018512779025119712,0.0024372427116109634,0.0011071600033195645,0.0026097466937209375
93,0.8999132211854335,0.002660498531094834,0.00014056939433784013,2.6515925897669034e-05,0.014053122081247326,0.0007737617748788823,0.04290692509179278,0.032383841413172215,0.001791780933513488,0.005349763668631605
94,0.8649695829201443,0.002510010458478895,0.1272368869496404,5.9906206610479903e-05,0.002886231139306731,0.00010484096578168698,0.001609348748793643,0.0004544751456726991,0.00014119723337407272,2.752023219718586e-05
95,0.7890646124121142,0.10050131276851151,0.00043317197502657374,0.001496433986475257,0.09164363280673594,0.0032512152347257866,0.012377623726057514,0.00011501758515714744,0.00068121732383208,0.00043576218136396857
96,0.9135170691242293,0.018949953405865173,8.582212148548285e-05,0.0302451767290263,0.00032410846525249623,0.01920425152693089,0.015366069377999975,0.000805892171855791,6.61671052274204e-06,0.0014950403668320573
97,0.005139793383521696,0.0027507562967812892,0.000830448589683944,9.798414090198514e-05,0.7870945506493576,0.030679831204534717,0.10822839299649643,0.05088635675062802,0.0009963501378395278,0.013295535850254734
98,0.0571803003945434,0.6787905720248132,0.0010248015077145782,0.21508107343694394,0.006876265288118684,0.019197165746279304,0.004983366346367657,0.01476416533476181,1.0926422368187757e-05,0.0020913634980894063
99,0.1283919337548562,0.7509835164703146,0.0007891764184047262,0.001090942718925182,0.09140606877319506,0.0008886677120454215,0.019142748336993802,0.0060385086251972305,0.0001262629903307145,0.0011421741997370628
100,0.04672207337366504,0.0006351809501479565,0.006051769615045086,0.2767935883738943,0.17041728787287647,0.03226636390797799,0.09553493546738234,0.02740784061412449,0.27964039666365825,0.06453056316122822
101,0.7881530817133787,0.004728626478472417,9.719038953332875e-05,1.1323169615757107e-05,0.1878196760443296,0.0005704837900448444,0.008945011484974626,0.002516496005361153,1.2299171886990522e-05,0.007145811752402404
102,0.16995271981589855,0.05113679544780253,3.30930051014091e-05,0.10146074999093459,0.5348388668775322,0.009961363529480991,0.0994826014307267,0.005965560798883417,0.0014257416032394086,0.02574250750040012
103,0.33236966745279667,0.005034559199916659,0.0006019913594544773,0.0896274844077193,0.09606674855620524,0.10891528853861153,0.017934530443575552,0.0011666210080161256,0.12154685157144633,0.22673625746225815
104,0.6887920546034869,0.13298989349392376,0.0018906597824647935,0.0009543702384907595,0.0981251372674838,0.01972529748189391,0.0076738566848349446,0.048685201593996884,6.778051348884903e-05,0.0010957483399355017
105,0.026659808164457198,0.7241677054962926,0.0003049029803330118,0.22861028685451604,0.002606741957953207,2.7975673689403094e-05,0.015175865104231606,8.611293198495936e-05,0.0023508149452351047,9.785891306781462e-06
106,0.5272879161423024,0.23616531603155247,3.399624653143667e-05,1.7946744730185673e-05,0.0020556245037380194,7.75968532615351e-05,0.0005221695733372458,0.23368300215324106,3.2086411006385864e-05,0.00012434534029941475
107,0.7251120604602243,0.000549110696338122,2.7419951113304763e-05,0.0006099476321192293,0.21485741040271114,0.0005386683080642115,0.0020065622439953365,0.051206161245600436,0.0011149969355516438,0.003977662124282414
108,0.9964186431783888,0.0002279276796916213,1.5190741302039383e-05,3.856674238345167e-05,8.396159802905682e-05,7.369693012643688e-06,0.002861767674164725,1.8446146236758928e-05,0.00021509477222291342,0.0001130317745680007
109,0.18061532757992238,0.41083637425092023,0.0034809064666206173,0.26545837178100007,0.08474967771324357,0.0009497763725962435,0.042195818129870784,0.0022011904698412093,0.0032038587596474716,0.006308698476337477
110,0.6989139102321941,0.007629697825858683,0.0008968467761350656,0.17177126238950888,0.002591036779685686,0.0023975983771363785,0.0003361164848312329,0.11094575667390563,8.616221455314194e-05,0.004431612246191122
111,0.03591961604580605,0.04528935725287589,0.8342323987713939,0.006605762174512215,0.00014393943765944828,0.007491701937721817,0.006295578018481877,0.003944155871079249,0.04654025364756356,0.013537236842906199
112,0.0004265681397618158,0.8707331750135997,0.1271372693080589,3.2476088789143605e-07,0.00030577773203395203,3.913948817390257e-06,0.0001323373257331427,1.304946741114663e-05,0.0011980035392477701,4.958076444797124e-05
113,0.8572303729758217,0.02793485709173176,1.3636998972105017e-05,0.00034732293386433943,0.0025134821634618556,0.00043013763469185867,0.00971473408972703,0.10087476024884807,0.0002670297213931538,0.0006736661414880619
114,0.867202389664001,0.00942027746274451,0.0027433218717180545,0.00038512067608779466,0.01852042563501399,0.005914650270895809,0.07825428027644266,0.004823629501397156,0.0016990561121399102,0.011036848529559159
115,0.9743538773686873,0.022768203354240974,0.000891345981563868,4.700028704568971e-06,0.0006495100606316736,1.0565192762458142e-05,0.0009598993553366713,0.0003138659970187227,5.11945394676963e-06,4.2913207107114384e-05
116,0.38271858303999223,0.00010080930092411023,2.581253821281669e-06,0.3370862415183673,0.002947569466611035,0.0025966228746688302,0.2533732854133487,0.010953772857366317,0.003731670575429523,0.006488863699470728
117,0.949300978926384,0.0019980802907394518,0.004386598044637749,0.00020330290992929447,0.033605663198166665,4.273851224487003e-06,0.006606247672914352,0.000705420930180092,0.0015342029224013197,0.001655231253422816
118,0.9708178828400255,0.01037192472771869,0.005300086830768504,8.898177268293484e-05,0.004962009626951876,0.0005010775684665877,0.0013425610974438676,0.0007203668881562776,7.660724370748915e-05,0.005818501404078386
119,0.9612623015088613,0.005209089483354668,0.0007272492237059395,2.69796258801019e-05,0.016483208070068422,2.6684649704432548e-05,0.01452519047912946,0.0013317238612756944,3.455504804950692e-05,0.00037301804997031323
120,0.7946131123066793,0.017146164344465212,0.05784934229889211,0.0024059938142723973,0.03436810632784943,0.008373722816156767,0.0016590635339374272,0.011754528660876278,0.0004774631078347509,0.07135250278903635
121,0.5417008890163506,0.0019807508283141116,0.010541470934271246,0.00012096089057223573,0.0003403746276218811,0.0003193518994605984,0.03068765897457352,0.41382479280250256,1.069368502348177e-06,0.00048268065783099056
122,0.9806610677818562,0.006335113235286787,1.5737323379587313e-06,2.3943177872414254e-05,0.004446903382323461,7.719827136326013e-06,0.007067561246981294,0.000899990184104411,0.0004054378285395527,0.00015068960356144965
123,0.04725229729639513,0.854924859944528,0.00877183682106234,0.02161043870011358,0.03538855820712515,0.004731745518235328,0.0007376822960858693,0.0011620908157748552,4.645806906319012e-05,0.025374032331616513
124,0.9771202879620955,0.007885865481653332,0.0007407537452303064,0.00023201509510024584,0.005508789178706857,0.00018013268921912034,0.007038954172043017,0.0005291470346400135,3.122144309761502e-05,0.0007328331982139128
125,0.025749055303533053,0.009423519802398899,0.5793636736026234,3.6085030595738106e-05,0.21300959458366706,0.01431799300989806,0.155386052525849,0.0014177187428292123,0.00010110432292133294,0.0011952030756842069
126,0.22788122827127677,0.23435120164481943,0.0023026033120612716,0.05758441607881485,0.22001484854546954,0.004507978023042403,0.19874684614102997,6.890083693291107e-05,0.04240456918670103,0.012137407959851913
127,0.9061495792333967,0.046457817253703036,0.007637318774476268,0.00018385247791335538,0.0037342538087932952,0.002473085498576701,0.003148645359082603,0.003715660189287431,0.0008689704628588782,0.025630816941911667
128,0.9839702440888081,0.013718104416015524,0.0001829631991162021,0.00024072448874112707,1.963157936790927e-05,2.2422268730751003e-05,0.0014838269080653277,0.0002054059488784252,8.70327278344704e-06,0.00014797382949317402
129,0.007423977862276215,0.05257264776234519,0.2148986387246045,0.038614710108034224,0.0012688838095989672,0.2625899816608438,9.34192720986779e-05,0.0010274465911074761,0.42012387152192754,0.001386422687163422
130,0.20306742420933613,0.7709173790987882,3.789936041154808e-08,0.017811357555857908,0.0047996637130971916,0.0008916108330875673,0.0017921342562668657,1.7840758054465274e-05,1.2869325359627903e-06,0.0007012647436152949
131,0.1139279355808692,0.0025060417218642885,0.0007250409994691759,0.041002194015853366,0.5289626324927695,0.04138893966551238,0.26986535385044946,0.00010307183481081075,0.0011076837420315932,0.0004111060963702835
132,0.6499471172452288,0.0001095619156545735,0.00019410119142334993,9.274024908112442e-05,0.013215199092525646,0.000733563931551061,0.0008504257417986825,0.3306571282117612,8.09646000400344e-06,0.004192065960971628
133,0.88105775523453,0.0016074412059771497,0.020717673681370227,0.002817669036394308,0.010484734384268552,0.03579338804802753,0.0008873633701674044,0.04156322668563445,0.0011976014705067518,0.0038731468831237235
134,0.045757534100080405,0.016675536800005972,0.000789175260034082,0.07391602290755077,0.3054860022588876,0.004499026202510167,0.012447704402718132,0.04277896282825973,0.3123923034542655,0.1852577317856877
135,0.7588018866374597,0.00024190497740655576,0.18270454917852622,0.011963385342077491,0.04036940757667444,0.003030250267543091,0.002465551220993674,6.247517186701285e-05,2.171341350628517e-06,0.0003584182861012011
136,0.15986278378961666,0.016810002340470493,0.00031812485034785916,0.6942320265762136,0.05915952622302591,0.05323744438927086,0.008707887173375003,0.005190960002665906,7.079188413347194e-05,0.0024104527708801666
137,0.05343520505867811,0.04906412984621167,0.13911801567609475,0.001511417535069243,0.0019268647172371316,0.7416500464836697,0.008072690970258777,0.002157731197288639,0.0022776336437521916,0.0007862648717396313
138,0.11131500531609194,0.0007180111912481411,0.8319323082516237,0.00011423605311258406,0.023866223658064137,0.018186996273293673,0.0008471839464040477,5.254033265570926e-06,0.012509025926018906,0.0005057553508774275
139,0.6445170075019108,0.0005771638713602561,0.04520313446858952,0.011508082289781077,0.030643860895103705,0.04866519958423254,0.06168796787879395,0.0018617061778681105,0.08036813796850034,0.07496773936385984
140,0.8814760651931142,0.00897578770638051,0.00126728833280297,0.014570952534350532,0.00825017925691488,0.00013072121450808898,0.03270363912727538,0.048196350439359825,8.242208819330401e-05,0.0043465941071003595
141,0.8316836078617528,0.02273786110451452,0.0001906521062132961,0.002396554679091961,0.007210992572422018,0.0005328964835821089,0.006910533943676652,0.12691026979964534,0.0005019578376595202,0.0009246736114417014
142,0.5286794875739831,0.019920313654991327,0.0008232518835095437,0.005972604124585905,0.0037294815067464107,0.0007866750710371569,0.0052074818152561,0.42672504950706674,3.789238036103556e-05,0.008117762482462609
143,0.2033964117870104,0.2661350420019595,8.548704985601491e-05,0.032043258508819776,0.21082539564665242,0.010689509265726302,0.2716829079769089,0.003533390196819763,0.0007594875128066071,0.0008491100534402527
144,0.8750171309491351,0.00016305816439725674,0.0008713863790661172,6.385932350201648e-05,0.011105985995733265,0.00024544453011890536,0.0027154553753914795,0.10981053803598492,4.96617134533981e-07,6.64462953648606e-06
145,0.354694986344687,0.0025352878769785278,0.0012859592891414954,0.014683620936955966,0.0669613759566388,0.17258986275434654,0.29343052914391415,0.0006014436493522936,0.00036364868922533723,0.09285328535875981
146,0.845247448642579,0.0013604767261166748,0.006800939504893555,0.0007979586444883439,0.0018102281535172513,6.358340145607233e-05,0.00928325967393422,0.08359963182747635,0.050993617426373705,4.2855999164888267e-05
147,0.05128221207300052,0.9452644854826834,2.8160517526456255e-05,0.0008870330700350108,0.0010107558775459074,2.0270909450967893e-07,0.0014819000423262334,2.165532526644153e-05,3.825636941995414e-06,1.976926557953008e-05
148,0.818876565889736,0.007907455724832818,0.012857003559197635,0.013217347859765641,0.08712187291846883,0.029848335939331398,0.014468964359311904,0.011344287425411553,0.000704227034676663,0.0036539392892675055
149,0.012383261552421731,0.05737888197862966,0.03918663564129819,0.0002071351779174222,0.8027585908094087,0.0034700515091873147,0.062327821169850285,9.965795058358398e-06,0.021488294472122728,0.0007893618941056851
150,0.9452816923682824,0.031105350247891767,0.004690625202133989,5.5496359006422076e-05,0.0035944619341856626,9.445209128575609e-06,0.00893275172195074,0.0008344585422658333,1.7157935620099566e-05,0.005478560479534519
151,0.37505234687561284,0.5584164149417521,3.256318424111104e-05,0.0029335651534209027,0.00040683862178713954,3.637637200025156e-05,0.06288503387010154,7.77111070595779e-06,3.4816177909172366e-05,0.0001942736924690258
152,0.5877868351817407,0.0035939993964362762,0.014126068567303977,0.0462144500071758,0.03896527352465911,0.07075746840060719,0.1552024385874688,0.07141202318029706,0.007330336097609747,0.004611107056701256
153,0.058427044458468774,0.821171289563371,7.292164949684357e-05,0.11443206654702068,0.005280134823884471,1.421284052438635e-05,0.00039466368003519684,2.0531863261342154e-05,4.7069383989711704e-05,0.00014006518994754937
154,0.05583576856175446,0.4106938386400644,0.005997693304774632,0.3701684753925684,0.14022108129261177,0.006052314450112511,0.0013085069467217768,0.0009391662607456207,0.0003858327779261117,0.008397322372720263
155,0.01381706806529563,0.15441623516810551,0.061973179206417546,0.026075383412715373,0.012808257460794947,0.6747651098470298,0.05218454253977958,2.0645864547569927e-05,5.515035381579412e-05,0.0038844280814985454
156,0.7536329085072729,0.02276045715262648,0.00015283809262954688,0.0851748932964176,0.0009204045844623963,0.0012583835304379935,0.06459516308726428,0.008816161580768063,2.132864763009554e-05,0.06266746152049067
157,0.16179880383216347,0.011204751332137663,0.01887292163171386,0.0008145881950616706,0.049287242108351725,0.3648664489074985,0.23367312989284836,0.13146791374847303,0.009231328364948894,0.018782871986803073
158,0.541409330340211,0.03497936516927539,0.00031654934176706984,0.00045618614386884286,0.2589056718495386,0.0065445024356535235,0.044531673302841836,0.10168679164583061,0.0006300468416630381,0.010539882929350005
159,0.7814928598226107,0.027345026001064,5.744208422210511e-05,0.009815080577845576,0.007252929471977776,0.001763277588843162,0.019148018346699026,0.15294051247172366,1.840936993518047e-05,0.00016644426507871958
160,0.6487825903801724,0.0020624881963621352,0.03856960379075327,0.030336545689044783,0.028822381653421734,0.06522779182535542,0.0013448847692954478,0.0019409807708067345,0.0018852972878874643,0.18102743563690074
161,0.908864594132243,0.010083369413335581,0.00014388483355850252,7.28210431848581e-05,0.003514955250025777,0.0023571664581085463,0.035051402445117036,0.035248615620377864,0.003293455234248711,0.0013697355698000708
162,0.4152298553194998,0.040775342458733155,0.0022240252016057158,0.013757125234549607,0.03706031177081436,0.28932621427042365,0.19267505773126217,0.0005360340699986701,0.0022706986974527174,0.006145335245660163
163,0.5645138671736908,0.006725204914157365,0.002227838289338928,0.0031110450017482155,0.05490416782673867,0.01648183763718207,0.1384242528001615,0.20651108995434117,0.0032413380722119186,0.0038593583304293642
164,0.021096624224843055,0.8460315759958972,4.4851556754133425e-05,0.0006806147335178312,3.211758190245476e-06,0.024414446508274488,0.0039052601599806674,4.162550359633701e-07,0.10382289604842754,1.0275907882851193e-07
165,0.1562359027225835,0.026140304000044648,0.0036550438027178464,0.19809985557731255,0.2819818373600821,0.09029266366403728,0.04555482409113809,0.03687563696116629,0.03945062785044472,0.12171330397047304
166,0.6921293238329572,0.020034363041815748,0.0006151166109210839,0.1124414609086674,0.005687566543588802,0.019570973323899142,0.0444518012218957,0.09492438685532474,0.0026226760944960733,0.0075223315664340725
167,0.5804580791690297,0.0038484799235583697,0.00034869209632534516,0.004213109583441557,0.09497782483251357,0.015968614224080007,0.017058438879523585,0.17930284960202394,0.09665815597186825,0.007165755717635783
168,0.858414634596032,0.00972780660953203,0.010342688216454092,0.0008138421471837626,0.019370131282502503,0.03442764837274376,0.04143969181375337,0.002173982294506702,0.00016114323173629114,0.023128431435555503
169,0.2368191721740993,0.012631389167741895,0.20874745985335635,0.1551417905317317,0.013718191327058185,0.301889624027823,0.007232861080687978,0.016382001238277603,5.451092144395413e-05,0.047382999677780153
170,0.4238574641858664,0.018076208369930936,0.0007564593382173244,0.19922828965249423,0.10327101731437245,0.04755580360253619,0.005899959433232969,0.08729761579369277,0.0012184246918203352,0.11283875761783642
171,0.13355568152517167,0.8146199112760156,0.018491891231469625,0.01794784825052295,0.0009145962201849365,0.0016104243610209105,0.012485904041186458,0.00010549646217744542,4.74602219570302e-07,0.0002677720300307481
172,0.3959227514509867,0.00836527662280747,4.0945312691107316e-05,0.016920890665808878,0.37848988555691904,0.1723154738621929,0.0032689814502281506,0.015897093575908527,0.0041482958701937024,0.004630405632263574
173,0.5823240358411889,0.0002811638173995888,0.0002509320375389508,0.0001053172720380085,0.03815739070344867,0.003949338069599591,0.018241661439061467,0.3562357895789202,0.00029854841354964466,0.00015582282725492668
174,0.17801048359590207,0.008213975357739498,0.0016977988583000367,0.19766623574728376,0.005738671488190485,0.5289185555639123,0.00012365127221656004,0.07486564703913992,2.4557583473968853e-05,0.004740423493841514
175,0.9828280555267203,0.003840349135588931,0.008213299112627777,0.0022812945606785675,0.0005703057563640428,4.417901368411119e-06,0.0018738081103183031,0.00014929535519519736,8.405978573308996e-06,0.00023076856256526443
176,0.3218080672888562,0.6716444746629103,2.3248117540148078e-07,0.0006220441027866402,0.0012119030180358955,2.3927569992141246e-06,0.0045628892387735796,5.952440843525633e-07,1.0889508008621718e-05,0.00013651169836973693
177,0.7649481621787391,0.09187848671633761,0.02117390219303787,0.00012486553030634985,0.027747747761565224,0.0008755617119121235,0.0003206064845267686,0.07072868385871349,2.7805809885935526e-05,0.022174177754975488
178,0.5428387267829785,0.05178915123226785,0.00010620214027921302,0.00554902612069853,0.23049020369702342,0.15583395141227618,0.00854294884739932,0.0005504820781892662,0.000423661544408064,0.003875646144479724
179,0.07588873976209225,0.003006613777208162,0.00865924292089973,0.011214771662315349,0.010638723094057115,0.12389241156622749,0.06709596180928136,0.6813126422459,4.6968240353206745e-06,0.01828619633798337
180,0.9364710267615931,0.0360342160865649,0.0001176648418508925,0.006323578668221716,0.009222989536346246,0.004512615416063115,0.0031561849191276193,0.00041775582228690156,1.6504516919250243e-05,0.0037274634310262653
181,0.9534539139199285,0.002454086983590902,0.0068970004690627725,0.002431130594029903,0.0007374932599016271,0.0003968393512545426,0.0008306437659350286,0.025913461622646995,0.0016991259081136113,0.005186304125536155
182,0.9394957942186686,0.035778433698174635,0.001301093267308125,0.0035693352168045932,0.004868156883060967,0.00035754483346306956,0.0015337739839779924,0.011587562145561848,4.6908981826469585e-06,0.0015036148547973851
183,0.026492447179997502,0.9569433442315483,0.0036212415484991344,0.0008342219231948473,0.004023945892856208,0.00012562438614414532,0.00792754705326734,4.03052941881672e-08,1.612137904882278e-06,2.9975341293542927e-05
184,0.0933196164663181,0.11394604478983889,0.062034060875424776,0.0001916451753734114,5.217600956512772e-06,0.7221619389655459,0.008329481450459935,2.470867646108035e-06,8.096701170370863e-06,1.4271072660515788e-06
185,0.2560090270923415,0.6128372726782175,0.0032344185843049354,0.0536619896106069,0.012342665763056758,0.0010939079799366968,0.05898122040715745,0.00047073319241599013,0.0007870707257151511,0.0005816939662470166
186,0.937555085568119,0.016468134044481806,0.00027274261749143355,3.2126512108550814e-05,0.006250769749429744,0.00027505757904105273,0.0010336037777880312,0.0008119464615600408,1.7787011698809383e-06,0.03729875498881052
