Sample_id,Class_1,Class_2,Class_3,Class_4,Class_5,Class_6,Class_7,Class_8,Class_9,Class_10
1,0.09915541526206934,0.13041486352519277,0.3423346327480839,0.14431552529744288,0.022731845830775116,0.07460200950111212,0.046903300582544695,2.115020332341616e-34,0.13642670406200516,0.0031157031907740147
2,0.32296165381089265,0.028118741801780242,0.02919763529994576,0.09425128798240891,0.14091751480884232,0.11941718418617259,0.09334286751024207,0.1005846113948605,0.005160146717507112,0.06604835648734798
3,0.7411248718613915,0.020027154416707046,0.00019240260327113977,0.03565126090133605,0.015299557868333168,6.512295176404148e-05,0.03377268508867126,0.09918954499316816,1.2417877934769776e-06,0.05467615752756412
4,0.952449757156074,0.018565640991344667,7.175822230588569e-16,0.0005169102837905258,0.017845089920935427,4.265437427935106e-24,0.010509672445834853,1.093195665953751e-25,2.0399166713607425e-29,0.00011292920201980349
5,0.9562482464787698,0.017095346263050634,4.917756549617644e-17,0.0003096855094917182,0.017166112010197247,5.238544825544646e-26,0.009123227948653473,4.660469753534519e-28,1.0599118995929484e-31,5.7381789837064254e-05
6,0.32296165381089265,0.028118741801780242,0.02919763529994576,0.09425128798240891,0.14091751480884232,0.11941718418617259,0.09334286751024207,0.1005846113948605,0.005160146717507112,0.06604835648734798
7,0.059676154694905226,0.022518644838266308,0.04621769750839663,0.29458331539426263,0.055968295615748315,0.40762211550845334,0.0424003393664084,0.0005970397511064375,0.023187666154635342,0.047228731167817374
8,0.9055779033490194,0.0285726485355656,1.3658888191386675e-08,0.011043670892655167,0.022333734965784256,4.362025763778911e-12,0.025284079555386408,9.401986108108566e-11,4.360326434914735e-15,0.007187948944314624
9,0.9162416232330942,0.027819141826628264,1.321581898108312e-09,0.0074820193966267795,0.022066508251462898,8.67698659576613e-14,0.02228222702776955,7.165907653745591e-13,4.1946738201545625e-17,0.004108478942032959
10,0.21097409569489353,0.5420436709813329,0.12473296427270872,0.00922021655514628,0.026111595504944483,0.04331589454107343,0.04297634179282171,1.8831780699183336e-45,0.0003034896564814262,0.00032173100059756503
11,0.9283134560442833,0.025643092604067413,5.5742159514464535e-11,0.004214150696239692,0.02109303257699985,4.648147122847987e-16,0.018855998143255663,1.0817002111666819e-15,8.218617850037355e-20,0.0018802698794104903
12,0.32296165381089265,0.028118741801780242,0.02919763529994576,0.09425128798240891,0.14091751480884232,0.11941718418617259,0.09334286751024207,0.1005846113948605,0.005160146717507112,0.06604835648734798
13,0.9788157775943414,0.012837379507143521,4.38553036857713e-06,1.975881716966403e-05,0.0009516690707808656,4.9481200129911106e-08,0.007367518271150184,3.3678569244442896e-40,9.46061428938662e-16,3.461727844711173e-06
14,0.32296165381089265,0.028118741801780242,0.02919763529994576,0.09425128798240891,0.14091751480884232,0.11941718418617259,0.09334286751024207,0.1005846113948605,0.005160146717507112,0.06604835648734798
15,0.32296165381089265,0.028118741801780242,0.02919763529994576,0.09425128798240891,0.14091751480884232,0.11941718418617259,0.09334286751024207,0.1005846113948605,0.005160146717507112,0.06604835648734798
16,0.04085851190285698,0.01859625767982092,0.04510960374529908,0.3570917098571634,0.03676510619649072,0.39947298608183884,0.032319596618608455,0.00012519093013016607,0.028921003233784753,0.04074003375400678
17,0.07533463616562486,0.07077678488034257,0.22739969195039872,0.2816408389158787,0.02112168673438775,0.13783199775249588,0.04312628707087615,8.728865802899291e-25,0.13440726399312047,0.008360812536874858
18,0.9772897033236659,0.008599182989876704,1.2576215043903095e-26,4.156589575662705e-06,0.011149674957804941,1.0099787765053194e-41,0.002957111946805458,9.184444302505937e-49,1.1788337761293773e-50,1.7019227130836348e-07
19,0.32296165381089265,0.028118741801780242,0.02919763529994576,0.09425128798240891,0.14091751480884232,0.11941718418617259,0.09334286751024207,0.1005846113948605,0.005160146717507112,0.06604835648734798
20,0.2497487317157124,0.7142958179714676,0.000211983988420697,3.860981143077838e-09,0.021461478308171304,9.854868884118527e-06,0.014272129279735195,2.4861645154800848e-111,1.1730921258126198e-20,6.627499056200783e-12
21,0.17234905530793043,0.7749340650058124,0.00032078904599042537,3.216836678350601e-06,0.022688120621566575,5.872030458487854e-05,0.0296460179845533,7.572889779249759e-73,1.890064467542349e-17,1.4892883361659079e-08
22,0.18042948849977988,0.038167123590636,0.02753536782648161,0.36622956865449585,0.029368225098812602,0.18699248199251928,0.0484505502887197,0.007402396053944714,0.009152723354914601,0.10627207463969565
23,0.8987690610883614,0.027290372041840406,7.989222094692323e-08,0.014251681303919595,0.021445217628762406,9.070071488775465e-11,0.027549321213456844,4.27332339523315e-09,1.5614789777366531e-13,0.010694262467258284
24,0.049519435940012416,0.035401196460168705,0.13475724760337482,0.4103555867848911,0.016599804344173054,0.19451599152042065,0.033253094057034735,7.227173668497788e-17,0.10987565815889634,0.015721985131028276
25,0.23234035036602071,0.3068068968736852,0.12947595002095572,0.04159141109651999,0.045283950246740264,0.18532795899068963,0.05710599733688576,2.5122306599291628e-30,0.0001940736248331731,0.0018734114436695954
26,0.09069084529094824,0.10354169719020118,0.2960495388135863,0.1970653656105653,0.022602992140795457,0.09947118613919445,0.046442391578495,2.584989739978021e-30,0.13926918843819502,0.004866794798018992
27,0.105854004142992,0.34899919012958713,0.4516421176358975,0.004634495831635603,0.010825795703414859,0.0030700915876061214,0.02628887380684023,6.36902088442749e-69,0.048651916892352626,3.3514269673825234e-05
28,0.32296165381089265,0.028118741801780242,0.02919763529994576,0.09425128798240891,0.14091751480884232,0.11941718418617259,0.09334286751024207,0.1005846113948605,0.005160146717507112,0.06604835648734798
29,0.7755317207878997,0.021022568087882644,0.00015848488199441237,0.03616986924972796,0.016074851622426684,4.5053757778546133e-05,0.03494476807353872,0.06186782488624994,7.999888046961283e-07,0.054184058663696875
30,0.941380407479358,0.022383407712610284,3.2317509134190577e-13,0.0016317920179069777,0.01962842512269203,9.648281306716953e-20,0.014452400415967006,2.831910482070939e-20,3.280954129907125e-24,0.0005235672511422826
31,0.32296165381089265,0.028118741801780242,0.02919763529994576,0.09425128798240891,0.14091751480884232,0.11941718418617259,0.09334286751024207,0.1005846113948605,0.005160146717507112,0.06604835648734798
32,0.9711383685751965,0.010581438451575382,3.703118799081917e-23,1.9430995937767744e-05,0.013798245411362478,4.914185565165964e-36,0.004460945886018922,1.6319641870910515e-40,1.0801758499319637e-43,1.5706799089611137e-06
33,0.8884380607159592,0.0262384350271997,5.239965875636501e-07,0.018517847037047834,0.02050493421353234,2.273456836866051e-09,0.029970528870302448,2.4513880952095687e-07,6.9420399956969085e-12,0.01632942272016264
34,0.32296165381089265,0.028118741801780242,0.02919763529994576,0.09425128798240891,0.14091751480884232,0.11941718418617259,0.09334286751024207,0.1005846113948605,0.005160146717507112,0.06604835648734798
35,0.03884756685985836,0.025239857253071322,0.10148866350216063,0.4581326707486666,0.01444252831551748,0.2198730402453038,0.02805224179338887,1.941174914067566e-13,0.09441465863527111,0.019508772646567543
36,0.10067327658878587,0.13665983227366396,0.3518936693877794,0.133813365270071,0.022661817883723477,0.06956029520641767,0.0467991494688687,2.5166898783333305e-35,0.1351354790502022,0.0028031148704876687
37,0.04501593577735335,0.030748470895047824,0.12066060508545538,0.431457389348138,0.015625349804891376,0.20430872261985672,0.0310803421880628,1.797311759512899e-15,0.10387296200401136,0.017230222277181316
38,0.9651341150291203,0.01328890540070981,2.773503198853153e-20,7.118887330707802e-05,0.015251428777492993,2.476880000265869e-31,0.006245870663556264,1.12721925708342e-34,4.5658108360550975e-38,8.491255813741901e-06
39,0.9768215533758989,0.007952221712845858,1.0346343869336773e-26,3.932483568813591e-06,0.01228725794861267,7.75366659901644e-42,0.002934838176626004,1.0315796174163033e-47,1.217123079357466e-50,1.9630244750152827e-07
40,0.09599682050308794,0.1191979910087579,0.32405372642400926,0.16484804378175788,0.022753187999202177,0.08435338386692723,0.04687360758321173,1.0191270187713375e-32,0.13816308521304396,0.0037601536200019573
41,0.8661503140587975,0.02461796334099563,7.973389205373325e-06,0.02672476567985748,0.018980784198194007,2.4155686863163916e-07,0.03349798565619098,8.614739096328685e-05,1.693458683495227e-09,0.029933823035468467
42,0.31200860978308886,0.6546103231528354,0.001208054373839881,3.182900918167486e-08,0.017702337299387173,5.831412758739102e-05,0.01441232927450341,2.6284920433329514e-103,3.0142322083899483e-16,1.5974858575964578e-10
43,0.08486265799684106,0.08945910626782762,0.2682880252584582,0.230250675489665,0.0221944188926342,0.11476008322014386,0.04548551316554449,4.775597233324508e-28,0.1385684027890559,0.00613111691982979
44,0.8450461233000351,0.023387542274280512,4.081654944093435e-05,0.03263813511164351,0.017900704970442514,4.062313629970586e-06,0.03543098317555731,0.0029675568129482093,4.6926973626925886e-08,0.04258402856504844
45,0.9416559028592775,0.033386808562998915,1.0128184569638899e-13,0.0014535757180048046,0.01022530834813217,9.249578841505691e-21,0.013154494301943553,1.373119611993419e-28,2.7258971277770497e-26,0.00012391020954196632
46,0.18376059668762496,0.8122207663387125,0.000140941677434821,4.418839181431441e-12,0.0013964172711085695,2.416137396522306e-07,0.0024810364069407015,1.7184125902154828e-153,3.1914027038091106e-19,1.9894580042646606e-14
47,0.30548128266240454,0.6601985654587521,0.002109255328803512,1.0296647280419192e-07,0.01662634764960182,0.00011451469067551169,0.015469930539797052,4.531986790656191e-98,9.121524082178503e-15,7.034835347168612e-10
48,0.9597705554873203,0.026354795273158087,2.2958360041782543e-10,0.000458318870560217,0.003213407529807208,2.4584914638413242e-15,0.010162894691417044,7.73040816755842e-33,1.7536618646787664e-21,4.002791815097615e-05
49,0.32296165381089265,0.028118741801780242,0.02919763529994576,0.09425128798240891,0.14091751480884232,0.11941718418617259,0.09334286751024207,0.1005846113948605,0.005160146717507112,0.06604835648734798
50,0.8771997869035683,0.025685067579500887,2.4397017418731215e-06,0.023235954814942898,0.019403376144743887,3.110920783365097e-08,0.031956548717230394,4.419492008358078e-06,1.452123168361221e-10,0.02251237539184358
51,0.0771688771931961,0.9216832310606847,0.00012114435161895969,4.893757940967111e-13,0.00018266078510444645,2.0522596807473853e-08,0.0008440660863071837,2.086326926006507e-175,4.551200985505601e-17,2.4976366311220133e-15
52,0.03212921507120947,0.020013566301051257,0.08272820237051944,0.48459944769174274,0.01355077714157314,0.237477028550062,0.02491458795724755,2.73574603332347e-11,0.0828493742068866,0.02173780068235041
53,0.32296165381089265,0.028118741801780242,0.02919763529994576,0.09425128798240891,0.14091751480884232,0.11941718418617259,0.09334286751024207,0.1005846113948605,0.005160146717507112,0.06604835648734798
54,0.9131455311470936,0.0283291646773037,2.447574362602504e-09,0.008346562150194869,0.022321999037720842,2.4099737275553475e-13,0.023074353690203074,2.5392635965995173e-12,1.4126183445933982e-16,0.004782386847128992
55,0.10277271671108307,0.14670722259491797,0.3663676100816193,0.11821933119398369,0.02247062333286689,0.06200291463015825,0.04646809411187312,8.448092975795592e-37,0.13263121809232373,0.002360269251174032
56,0.10104736130028426,0.13831319210240273,0.35435165732464663,0.13113897205615954,0.02263680950808817,0.06827035300154896,0.046758121432182886,1.436320163015393e-35,0.13475817862094747,0.002725354653739446
57,0.32296165381089265,0.028118741801780242,0.02919763529994576,0.09425128798240891,0.14091751480884232,0.11941718418617259,0.09334286751024207,0.1005846113948605,0.005160146717507112,0.06604835648734798
58,0.9774946955460773,0.016456207420852492,4.714811679433927e-16,1.7982227489286464e-05,0.0016363115247701606,1.058281884111255e-24,0.004394325335595477,4.301449109866408e-49,2.3115184470308156e-33,4.779452147136772e-07
59,0.10256851928307376,0.3193566751665808,0.46241755397869155,0.008599672704492706,0.01261506047425366,0.0053028522564320625,0.028207240225226287,3.816543116252854e-63,0.06085862044510615,7.380546614285167e-05
60,0.1705515144215071,0.34065117249082194,0.25024279073776406,0.06401662193257722,0.026476754990566228,0.07824479217396531,0.04995721121974387,3.1418543645306495e-38,0.018005287360779984,0.001853854672274316
61,0.7000723407655149,0.018881439558528324,0.00022276227400694001,0.034561593001220164,0.014388234214905954,8.7491918046809e-05,0.03217013789987202,0.1454938391502774,1.7726094568370688e-06,0.05412038860817067
62,0.9050669308195313,0.02846054724867973,1.5950210941462154e-08,0.011294681340478016,0.022256496964945506,5.693409706507856e-12,0.025477649429929847,1.3143294973525093e-10,5.969245645075825e-15,0.007443678109092135
63,0.2869410384376963,0.030605335903423545,0.03427601483674065,0.12036006115721073,0.14111452622098328,0.15537605628319257,0.0936111935807619,0.060413120091393276,0.006940917165605534,0.07036173632299214
64,0.9192818741271649,0.027284910040440535,6.903200375601546e-10,0.006666291650774519,0.021795023518873226,2.9575040917165624e-14,0.02147176201849212,1.889666346119496e-13,1.1670855995618885e-17,0.003500137953716203
65,0.32296165381089265,0.028118741801780242,0.02919763529994576,0.09425128798240891,0.14091751480884232,0.11941718418617259,0.09334286751024207,0.1005846113948605,0.005160146717507112,0.06604835648734798
66,0.1021665798033769,0.8684149840307175,7.715970221815566e-05,1.2437221076802362e-08,0.016016528823436408,6.050420251671833e-06,0.0133186847643543,1.403176122399571e-101,1.075077960245108e-21,1.84239758548423e-11
67,0.07938645890285134,0.0026011319220632496,0.00046806859654574724,0.006233928623305466,0.0027984507656047654,0.001076348551708603,0.005652251810026693,0.8906953120256768,4.2100526069141245e-05,0.011045948276148129
68,0.10092052818978443,0.3028035015937053,0.4658802713322112,0.011806232587019886,0.013679404480578082,0.007075091648638106,0.029479444647357203,4.0116043886251143e-60,0.06824437340880385,0.0001111521119020583
69,0.11209130199420902,0.44580466085188636,0.39271683921405237,0.0005786541558768971,0.006364465194488848,0.0004814224467061798,0.020352572899617644,5.413842814568882e-88,0.021607724184990164,2.3590581725460647e-06
70,0.8524119840375709,0.02374923681663051,2.5816572848751407e-05,0.030960883144091882,0.018190194964022105,1.8304089308644425e-06,0.03492554441316201,0.0010911520064948894,1.8399338986878845e-08,0.03864333923690906
71,0.9612764315529922,0.014971078714366539,9.256623863428117e-19,0.00014209816906669614,0.01613168686225013,7.775975624505825e-29,0.007457882380664854,1.427535841963245e-31,4.406973641234249e-35,2.0822320659777446e-05
72,0.32296165381089265,0.028118741801780242,0.02919763529994576,0.09425128798240891,0.14091751480884232,0.11941718418617259,0.09334286751024207,0.1005846113948605,0.005160146717507112,0.06604835648734798
73,0.020839614727984658,0.012497765648174494,0.04624641677151541,0.5397289841807221,0.012634785826079032,0.2714787127826747,0.018458407639591813,4.076558839295418e-07,0.05218487404806624,0.025930030719307464
74,0.32296165381089265,0.028118741801780242,0.02919763529994576,0.09425128798240891,0.14091751480884232,0.11941718418617259,0.09334286751024207,0.1005846113948605,0.005160146717507112,0.06604835648734798
75,0.8702242354534584,0.024922827511339243,5.219903974526913e-06,0.02529652567146921,0.01927544621914741,1.1673553408351817e-07,0.032969077343090604,3.463279783574768e-05,7.18301457899366e-10,0.02727191764584922
76,0.09334071744423232,0.7535907491080439,0.14664294396601735,1.0358512219514332e-07,0.0005493170787877663,2.0444809881634075e-07,0.00534734117716132,2.1572514403334093e-163,0.0005286231486435517,4.3892869751661166e-11
77,0.9434906374684365,0.021712104853090056,1.1896851442466286e-13,0.001355146103170221,0.01930889086905025,1.8723093257351676e-20,0.013725351987470581,3.676305853172248e-21,4.619085728535165e-25,0.00040786871866342394
78,0.10351092978378536,0.15079714722745213,0.37194538413289224,0.1123092643947965,0.02236719478987301,0.05911539029558812,0.046279904040120765,2.1391467007802925e-37,0.13147565455189403,0.002199130783597912
79,0.32296165381089265,0.028118741801780242,0.02919763529994576,0.09425128798240891,0.14091751480884232,0.11941718418617259,0.09334286751024207,0.1005846113948605,0.005160146717507112,0.06604835648734798
80,0.32296165381089265,0.028118741801780242,0.02919763529994576,0.09425128798240891,0.14091751480884232,0.11941718418617259,0.09334286751024207,0.1005846113948605,0.005160146717507112,0.06604835648734798
81,0.10160694085127084,0.28722329711295097,0.4658421033752517,0.015389984914517714,0.014681000869953525,0.00908286022945859,0.031186170389762992,1.3685808118932427e-57,0.0748307560518522,0.00015688620498156383
82,0.894031399489894,0.02672944557305996,2.053074487170718e-07,0.01627318036656076,0.020974174185330808,4.572767290806123e-10,0.02876588738594199,3.265898850704767e-08,1.0502276588761412e-12,0.01322567457444842
83,0.9339050577106915,0.04006102253410063,3.31978822228684e-11,0.002707515633956528,0.007539054029445367,9.829784895825787e-17,0.015564777785420474,1.894951422286805e-27,5.246601999798839e-22,0.00022257227318755166
84,0.9857403325378593,0.008919680986374405,1.1130731607021558e-06,1.0702167518478002e-06,0.0004871614339013989,6.572138478968711e-09,0.004850500041106923,1.2202732750666085e-51,1.4035907581024003e-18,1.3513870680264678e-07
85,0.10434037736241883,0.256305030096615,0.45970223999920934,0.025185898570062707,0.01665498876961261,0.014538399404809119,0.034963741710667205,8.197767406266215e-53,0.088010078921467,0.00029924516513817306
86,0.9103136775148738,0.02876751653491678,4.148582154384802e-09,0.009164215372846098,0.02253853659376186,5.780075520238419e-13,0.023770304565659876,7.503227524756943e-12,3.9960093721169397e-16,0.0054457452612777955
87,0.029514767785193487,0.01817172457932272,0.07456006365722714,0.49644000699088947,0.01324375471146627,0.24489460328974016,0.023602987114719656,1.874197956817371e-10,0.07697662151824398,0.022595470165777336
88,0.11100680995000396,0.41842591492104125,0.4119822224188322,0.0010410550753947282,0.007397314590167976,0.0008147880615590587,0.021896529118613544,1.1937232809295435e-82,0.02743037249959712,4.993364790021615e-06
89,0.32296165381089265,0.028118741801780242,0.02919763529994576,0.09425128798240891,0.14091751480884232,0.11941718418617259,0.09334286751024207,0.1005846113948605,0.005160146717507112,0.06604835648734798
90,0.8787541928708202,0.025503253243689877,1.9849064628106903e-06,0.02221262094995502,0.019814810665387487,2.225081838020988e-08,0.03170869207392757,4.312741671756742e-06,1.0191507212099075e-10,0.02200011019535182
91,0.32296165381089265,0.028118741801780242,0.02919763529994576,0.09425128798240891,0.14091751480884232,0.11941718418617259,0.09334286751024207,0.1005846113948605,0.005160146717507112,0.06604835648734798
92,0.1147344621022545,0.3141883487805517,0.42929300331352543,0.019194828772003944,0.016195978520455175,0.013514743523841374,0.03356111963256873,2.1657116779912802e-54,0.05907780953202778,0.00023970582277140854
93,0.8913917852523373,0.026490195227221295,3.2559094392721957e-07,0.017343629694179363,0.020744693477536692,1.0067577598579579e-09,0.029356253612295317,8.80582659673055e-08,2.660045590400379e-12,0.01467302807780252
94,0.9722375948760767,0.01007180390408696,8.974547795741625e-24,1.4735276023662908e-05,0.013525426950469146,4.857982774393615e-37,0.0041493433004846075,9.240013777417576e-42,6.75996573476697e-45,1.0956928587508122e-06
95,0.9214891048162837,0.0441531077887689,5.3992665107684356e-09,0.006018187080968577,0.007932887757785577,4.1642071623073664e-13,0.0196699469621949,6.461367981252768e-23,1.1491798002184926e-17,0.0007367601943151901
96,0.8177189724447539,0.022336432661706592,9.820263642099799e-05,0.035576778547079635,0.017085646197350132,1.896185445423396e-05,0.03588051110718302,0.020634460695185743,2.873589636005478e-07,0.0506497464969021
97,0.32296165381089265,0.028118741801780242,0.02919763529994576,0.09425128798240891,0.14091751480884232,0.11941718418617259,0.09334286751024207,0.1005846113948605,0.005160146717507112,0.06604835648734798
98,0.04882756561835525,0.034667718355736885,0.13257308243920798,0.4136021270043395,0.016453865175041587,0.19602068412004447,0.032926413433590214,1.1736383888658882e-16,0.1089827117051049,0.0159458321485793
99,0.20891340274495981,0.6677729836853709,0.06640712056069456,0.0007629812171901136,0.01643984785900507,0.0091285182272213,0.030538797148419033,2.5064320015808427e-60,1.538850858905101e-05,2.096004855033499e-05
100,0.32296165381089265,0.028118741801780242,0.02919763529994576,0.09425128798240891,0.14091751480884232,0.11941718418617259,0.09334286751024207,0.1005846113948605,0.005160146717507112,0.06604835648734798
101,0.9152143839781977,0.027992054132313933,1.6292367047284936e-09,0.007765254305778079,0.022153541340492817,1.227497452081307e-13,0.022548719200525924,1.1011464989517927e-12,6.335262773055347e-17,0.004326045412231091
102,0.32296165381089265,0.028118741801780242,0.02919763529994576,0.09425128798240891,0.14091751480884232,0.11941718418617259,0.09334286751024207,0.1005846113948605,0.005160146717507112,0.06604835648734798
103,0.8639260429381506,0.024459207223208157,9.902652514992562e-06,0.027482176209778053,0.018828504816189476,3.504422863104184e-07,0.03376630320906204,0.00013732850470816945,2.6264697211142647e-09,0.03139018137763245
104,0.7390378181928358,0.019968492081164926,0.00019417102002149535,0.035604989444505415,0.0152525953152119,6.629909977667364e-05,0.03369399741813564,0.10150800910007139,1.26874613458037e-06,0.054672359582142185
105,0.07825947546123307,0.025420847297676546,0.04679760835170655,0.2726679668914422,0.06924192834918438,0.3819643402188618,0.05046485553343672,0.001337537661281319,0.020459404340806793,0.05338603589437057
106,0.17379267911270532,0.7873814435782269,0.00023708749753334458,3.125517494116493e-08,0.021694830613767063,1.9773814362169955e-05,0.016874154065327954,2.791611254118878e-99,7.531419746388655e-20,6.290216622342241e-11
107,0.1529190803295182,0.005869262085226094,0.001560405693509424,0.014426878246159194,0.008555405323561612,0.004191469364403348,0.014020577414529558,0.7758822099012543,0.00016643164145329156,0.02240828000038494
108,0.9705468351463906,0.011495118189850374,1.1704341027077106e-22,2.4576689342795397e-05,0.013207671556621961,3.1139074300382874e-35,0.00472392351269073,3.108809893475624e-40,7.999001287209313e-43,1.874905103610981e-06
109,0.03622853771654713,0.023093441645047955,0.09333221665236717,0.46953133210785736,0.01398982085412919,0.2266551169878621,0.026759571656975588,1.5741972228907265e-12,0.08982162116102495,0.020588341216614327
110,0.32296165381089265,0.028118741801780242,0.02919763529994576,0.09425128798240891,0.14091751480884232,0.11941718418617259,0.09334286751024207,0.1005846113948605,0.005160146717507112,0.06604835648734798
111,0.10608716435315188,0.16955843477348295,0.3952692915740166,0.08819415007432573,0.021726757897547848,0.047188840486842666,0.04506868218283975,4.061231867437972e-40,0.12532605462986054,0.0015806240279319583
112,0.016557291205212578,0.983140514891495,6.61530789399171e-05,8.710733148512313e-14,1.4657446497821438e-05,3.0383980058449047e-10,0.00022138307388102843,4.674267032874291e-207,4.638130708955506e-14,1.6953860677035193e-16
113,0.939891483523894,0.03536314187722591,2.247465967705143e-13,0.0016668922910997711,0.009499210361509722,3.232512298066971e-20,0.013451939403777362,6.885218495992483e-29,9.154411573656664e-26,0.0001273325422685792
114,0.8858627184711667,0.026030695191331634,7.70209411360765e-07,0.019522690854219392,0.020308420799225343,4.3965285101486755e-09,0.030470903051759334,5.616171722472272e-07,1.509392788622035e-11,0.017803235394091437
115,0.9953784620943307,0.0033693432893228217,1.7432778564690296e-15,2.869420165597845e-08,0.0001546545332730019,2.5281953222476344e-23,0.0010975105107101034,3.6312084170810564e-69,1.3538315148406282e-35,8.781598377630385e-10
116,0.14267990920455065,0.00537611663081958,0.0013666606753950543,0.013176410381436415,0.007557095367619644,0.00360918388153328,0.012704158604348169,0.7925917656894805,0.00014304751385320707,0.020795652050963218
117,0.4593632681943026,0.4834578328768262,0.00031010315483749574,1.1235349499930876e-05,0.017808211260312696,3.2609382087221934e-05,0.03901662469523144,6.651839195034319e-64,1.9191352262423374e-16,1.1508690208051556e-07
118,0.9512777538032045,0.01900512495695489,1.5392598511302917e-15,0.000598037843253886,0.018041531778013365,1.4928442448203743e-23,0.010940624203268134,5.171271974996304e-25,9.121038967247691e-29,0.00013692741530359323
119,0.9577222345651041,0.016491509618975074,1.614962320416731e-17,0.00024951837134600555,0.016879318250991607,8.433443682170051e-27,0.008614177095995735,4.8264659250559847e-29,1.1940553596819807e-32,4.324209758738798e-05
120,0.21842386099425184,0.361052530937431,0.15116870963166104,0.04070193667181805,0.03502975702517757,0.13727173402105325,0.05361828561160834,1.0110797293123427e-33,0.0009157989394894472,0.0018173861675093628
121,0.9447055469176436,0.021314064296279973,6.496211384356527e-14,0.0012109169449633082,0.019116668531073272,6.93853041334333e-21,0.013302184712361994,1.0680791614326363e-21,1.4095220509542385e-25,0.00035061859761274664
122,0.9765747598923165,0.008065825013719894,1.551752305624878e-26,4.256456392067346e-06,0.012358493620327598,1.50277777856425e-41,0.0029964474089986775,2.3447536871847803e-47,2.6884038119676293e-50,2.1760824522544355e-07
123,0.11094237729695583,0.5720235738293822,0.2941385858292138,3.188304388532012e-05,0.002903212983889929,3.5649218402723075e-05,0.013492165530336856,7.197471338750143e-114,0.006432493068761545,5.919917181817036e-08
124,0.9622523098012163,0.014548200631143494,3.977483848517018e-19,0.0001203158341723764,0.015915967989601477,1.9475715722316313e-29,0.007146427788629997,2.555382677526182e-32,8.421998850217569e-36,1.6777955236357403e-05
125,0.03417363826600211,0.02153085283135849,0.08806002132975901,0.4772308329786387,0.013758998919046514,0.23178148778483448,0.02585970403030877,6.67477564251987e-12,0.08640756050184323,0.021196903351533857
126,0.10186596958187735,0.2848288279789806,0.4655863897175931,0.01599844247308063,0.014832843193986315,0.009425705653270881,0.0314797854818237,3.2201469550711476e-57,0.07581699343291534,0.00016504248647221655
127,0.8847745813937085,0.02594584567291812,8.99651212353792e-07,0.01994222248342461,0.020228499413822723,5.736464141040272e-09,0.03067336465246167,7.846415348090383e-07,2.064759157392089e-11,0.018433796333805375
128,0.9771859750773676,0.009350919622669243,2.654246995960511e-26,4.87678198146142e-06,0.010391975691897001,3.2722643300764837e-41,0.0030660767353369624,4.27388416859137e-49,3.633408074080252e-50,1.7609074771348316e-07
129,0.11234237037461978,0.45497079813664953,0.38601494702047356,0.000474089020349742,0.006043089535648134,0.000402648149710378,0.019835578675332973,8.494584533534078e-90,0.01991464953339725,1.8295538186894558e-06
130,0.24285054183309962,0.7412239430700932,0.0016648979423790505,1.1175763116755823e-08,0.005689419953822554,2.6487640100819435e-05,0.008544698280894825,1.736082330806458e-112,2.5243905012136927e-14,1.0382154751220968e-10
131,0.32296165381089265,0.028118741801780242,0.02919763529994576,0.09425128798240891,0.14091751480884232,0.11941718418617259,0.09334286751024207,0.1005846113948605,0.005160146717507112,0.06604835648734798
132,0.9198825286716085,0.027175255017965704,6.038033655018692e-10,0.006509331593661745,0.021738828803642904,2.3689233935980416e-14,0.021307755791186562,1.4356130894777476e-13,8.965122837178436e-18,0.003386299517963964
133,0.9439698219096829,0.02155610518910269,9.396040236157048e-14,0.001296961419866211,0.01923380134428085,1.2712558705889335e-20,0.013558803851944976,2.270080530312694e-21,2.9073862509487775e-25,0.0003845062850284727
134,0.03095716515610224,0.019163721415639778,0.07933362343688345,0.489277611642673,0.013427157289886159,0.24092108015946054,0.02433751909616128,6.286815419689127e-11,0.08050649163774215,0.022075630102583295
135,0.9719436861841072,0.018553302243539994,4.844493686293396e-10,0.00010951199276483257,0.0018473603918945107,1.089167502089965e-14,0.00753608421006323,2.6689875379273124e-37,1.1808219124800034e-21,1.005449316973866e-05
136,0.32296165381089265,0.028118741801780242,0.02919763529994576,0.09425128798240891,0.14091751480884232,0.11941718418617259,0.09334286751024207,0.1005846113948605,0.005160146717507112,0.06604835648734798
137,0.07308535624034172,0.06692638157040427,0.21835091628907644,0.29343457204585466,0.020810676587190175,0.14302099837733181,0.04245609991000224,4.625756687252695e-24,0.13299076928953402,0.008924229690264695
138,0.021640150484713242,0.012627990173740547,0.04350299307646375,0.5210926797113626,0.014359044636791614,0.2938154975200276,0.019068301871645748,1.6685458154838456e-06,0.04574194046403206,0.028149733515407324
139,0.32296165381089265,0.028118741801780242,0.02919763529994576,0.09425128798240891,0.14091751480884232,0.11941718418617259,0.09334286751024207,0.1005846113948605,0.005160146717507112,0.06604835648734798
140,0.8158188747144343,0.022272862041473815,0.00010160460226829814,0.035663349334993204,0.017036599706342394,2.014502801787976e-05,0.03586222811519179,0.022273786120196676,3.0861786422178605e-07,0.050950241719217484
141,0.2782403179584317,0.0075771073136580635,0.0002781732707924139,0.015998065733951163,0.0058235701625036235,0.0002446791667810106,0.013827916357118893,0.6500048961085972,6.800111507093987e-06,0.02799847381665884
142,0.9089957743083693,0.028962838679356867,5.2463001513076295e-09,0.009552755862712316,0.022634067775505532,8.530547899249812e-13,0.024085125173272187,1.2151189676103628e-11,6.347008863209579e-16,0.005769432941478862
143,0.03898628037188645,0.025355144465953036,0.1019104507033049,0.4575399344664308,0.01446959499723488,0.21951832201403557,0.02812086451620917,1.741922724457242e-13,0.09464597234027872,0.019453436124492254
144,0.9527218930632463,0.018462592591421398,5.985715773586148e-16,0.0004993079070128789,0.017798606868970498,3.1673070992224846e-24,0.010409724940165791,7.556730633477118e-26,1.4290984368374183e-29,0.00010787462918250876
145,0.32296165381089265,0.028118741801780242,0.02919763529994576,0.09425128798240891,0.14091751480884232,0.11941718418617259,0.09334286751024207,0.1005846113948605,0.005160146717507112,0.06604835648734798
146,0.9314167841210954,0.02498922061479336,1.940765358301613e-11,0.0034730412778551227,0.02081189209478139,8.159501286540001e-17,0.017860719693674802,1.2424809809777956e-16,1.0296008925650978e-20,0.0014483421783920618
147,0.21715226892693157,0.6861949154619953,0.04901742132489923,0.00026270951824148756,0.014592122590059443,0.0054332059614395,0.0273377261847904,2.185901642270734e-65,2.7956438706426927e-06,6.834387772332162e-06
148,0.16712844157607476,0.006572171793465247,0.0018540410573892891,0.016218050172975472,0.0100520129672955,0.005092869622684624,0.015925792842864866,0.7522932994588288,0.00020270194180459558,0.02466061856661677
149,0.059014777749471295,0.04625063550221125,0.16562535174472953,0.3654653452455837,0.018460887701504104,0.17378281931911785,0.0374733087307557,1.127146706338974e-19,0.12105227654652066,0.012874597460105846
150,0.9836887322866623,0.010095798352860499,3.8699208703005527e-07,7.666576117237298e-06,0.0006840444662746902,9.9555894969657e-10,0.005522207528066386,7.967860373746763e-44,4.849435629382671e-18,1.1628023728066856e-06
151,0.332104152103369,0.6119516659806453,0.0036208805142301783,9.452037832165224e-07,0.02874513138351378,0.0004252177501710728,0.02315200008265979,8.497484916535144e-86,6.899970128676377e-14,6.9815584984301534e-09
152,0.32296165381089265,0.028118741801780242,0.02919763529994576,0.09425128798240891,0.14091751480884232,0.11941718418617259,0.09334286751024207,0.1005846113948605,0.005160146717507112,0.06604835648734798
153,0.19745033665191664,0.7934855023331006,0.001237961202778542,1.7738938053416707e-09,0.002522016185252266,7.574912342544696e-06,0.005296606921843335,2.8008651457523014e-124,3.0628248571693434e-14,1.884167632604027e-11
154,0.09815995548894174,0.1266557307510938,0.3363687486170612,0.15095167561914055,0.022754518567287295,0.0777686810527701,0.04692552874577177,7.6864981411758695e-34,0.13709599934112282,0.003319161816810774
155,0.32296165381089265,0.028118741801780242,0.02919763529994576,0.09425128798240891,0.14091751480884232,0.11941718418617259,0.09334286751024207,0.1005846113948605,0.005160146717507112,0.06604835648734798
156,0.9255939994927846,0.026171228648634883,1.2954638235631953e-10,0.004917632425578789,0.02131488732782465,1.8677048867341808e-15,0.019686288335501553,6.1011383098203526e-15,4.3248429060586225e-19,0.0023159636401211066
157,0.32296165381089265,0.028118741801780242,0.02919763529994576,0.09425128798240891,0.14091751480884232,0.11941718418617259,0.09334286751024207,0.1005846113948605,0.005160146717507112,0.06604835648734798
158,0.32296165381089265,0.028118741801780242,0.02919763529994576,0.09425128798240891,0.14091751480884232,0.11941718418617259,0.09334286751024207,0.1005846113948605,0.005160146717507112,0.06604835648734798
159,0.32296165381089265,0.028118741801780242,0.02919763529994576,0.09425128798240891,0.14091751480884232,0.11941718418617259,0.09334286751024207,0.1005846113948605,0.005160146717507112,0.06604835648734798
160,0.02892359656176474,0.01776424730034072,0.07253125079091421,0.49969929621043446,0.013174823482574734,0.2463761112485625,0.02328288217768224,2.960240062841622e-10,0.07543907829895134,0.022808713632750898
161,0.9239449950389144,0.02647228078533874,2.089308846295034e-10,0.005366778321630974,0.021439124244087834,4.108578902458505e-15,0.020170713425762026,1.6266257265115443e-14,1.1085734036352777e-18,0.0026061079753149268
162,0.08169421875539626,0.08275572567924183,0.2541711064306484,0.2476489815180416,0.021886094418744825,0.12265386984326829,0.04479593424018219,6.439246670766568e-27,0.13754693847197486,0.006847130642501808
163,0.32296165381089265,0.028118741801780242,0.02919763529994576,0.09425128798240891,0.14091751480884232,0.11941718418617259,0.09334286751024207,0.1005846113948605,0.005160146717507112,0.06604835648734798
164,0.11015773790351603,0.4028515411734891,0.4223292339999619,0.0014465137873726813,0.008034222463608647,0.0010937851810646593,0.022768039806480653,1.2263727672567646e-79,0.031311321593352225,7.604091154187656e-06
165,0.32296165381089265,0.028118741801780242,0.02919763529994576,0.09425128798240891,0.14091751480884232,0.11941718418617259,0.09334286751024207,0.1005846113948605,0.005160146717507112,0.06604835648734798
166,0.32296165381089265,0.028118741801780242,0.02919763529994576,0.09425128798240891,0.14091751480884232,0.11941718418617259,0.09334286751024207,0.1005846113948605,0.005160146717507112,0.06604835648734798
167,0.32296165381089265,0.028118741801780242,0.02919763529994576,0.09425128798240891,0.14091751480884232,0.11941718418617259,0.09334286751024207,0.1005846113948605,0.005160146717507112,0.06604835648734798
168,0.9291544347757665,0.025471435395558215,4.231126738727291e-11,0.004006573942464906,0.02101990012761326,2.950070627070491e-16,0.018591295184138316,6.145016172212961e-16,4.775991657719786e-20,0.0017563605321465321
169,0.32296165381089265,0.028118741801780242,0.02919763529994576,0.09425128798240891,0.14091751480884232,0.11941718418617259,0.09334286751024207,0.1005846113948605,0.005160146717507112,0.06604835648734798
170,0.32296165381089265,0.028118741801780242,0.02919763529994576,0.09425128798240891,0.14091751480884232,0.11941718418617259,0.09334286751024207,0.1005846113948605,0.005160146717507112,0.06604835648734798
171,0.21652255528023434,0.7480188698461702,0.012827444329894256,2.7231366202900953e-06,0.007245394471089509,0.0004567409156487925,0.014926215967368891,2.569192899875431e-88,3.4194826453435475e-09,5.263349092883335e-08
172,0.32296165381089265,0.028118741801780242,0.02919763529994576,0.09425128798240891,0.14091751480884232,0.11941718418617259,0.09334286751024207,0.1005846113948605,0.005160146717507112,0.06604835648734798
173,0.8841881882440067,0.025900790582941407,9.76548272550246e-07,0.020167103249962053,0.020186141705349436,6.601567409691708e-09,0.030780388911351236,9.361718009271219e-07,2.4362096228538127e-11,0.0187754679603865
174,0.32296165381089265,0.028118741801780242,0.02919763529994576,0.09425128798240891,0.14091751480884232,0.11941718418617259,0.09334286751024207,0.1005846113948605,0.005160146717507112,0.06604835648734798
175,0.9552958724685231,0.021689575322253723,1.5276028593650045e-16,0.00039615558950636064,0.012977691438879838,2.6925428046405406e-25,0.009596115042418918,2.0615999752103492e-30,3.0565016464658622e-31,4.459013841804594e-05
176,0.9986569132383801,0.0009153220641628303,3.043540448251506e-13,6.351786920420946e-11,2.0602606926146185e-05,2.7448918371017614e-19,0.00040716202390973024,1.4260141830436384e-87,5.491218202020004e-35,2.798778636065953e-12
177,0.19243452305399536,0.7228411753570712,0.003863015750300328,4.5251832580285853e-05,0.0410468874887669,0.0015965710304365573,0.03817224037277266,3.00274420458619e-63,3.4900270542187475e-13,3.351137278455963e-07
178,0.32296165381089265,0.028118741801780242,0.02919763529994576,0.09425128798240891,0.14091751480884232,0.11941718418617259,0.09334286751024207,0.1005846113948605,0.005160146717507112,0.06604835648734798
179,0.32296165381089265,0.028118741801780242,0.02919763529994576,0.09425128798240891,0.14091751480884232,0.11941718418617259,0.09334286751024207,0.1005846113948605,0.005160146717507112,0.06604835648734798
180,0.31156518769066577,0.008458277337345822,0.00028548438242821433,0.017691003019245765,0.006474372066722982,0.00023699122030551448,0.0153243656953325,0.6092281939028081,6.449997793026953e-06,0.030729674687352222
181,0.9323050752226593,0.024791508956855612,1.4066329752739235e-11,0.0032738591533466857,0.020725544638836448,4.799061486195546e-17,0.01756658780078511,6.420919320346189e-17,5.463510804243785e-21,0.0013374242134505485
182,0.9414864411805656,0.022350293109964146,3.07813394969624e-13,0.0016170905395280805,0.019612799004774913,8.907331760502107e-20,0.014416140538906351,2.563704895082652e-20,2.981984278127293e-24,0.000517235625953209
183,0.08415396010569909,0.9132870456044947,0.00048415172993821533,4.577720920172755e-11,0.00040052818734794227,2.506694329897394e-07,0.001674063656970187,5.990805242561942e-153,3.168830995915779e-14,3.0785797627835963e-13
184,0.10680491025816821,0.358705367087601,0.44718565351138495,0.0037624164849613235,0.010268729003234141,0.002553766216887694,0.02563937851883776,7.46282735239805e-71,0.04505408211069244,2.569680823246179e-05
185,0.3015566260755389,0.4634076956472726,0.05500047610755799,0.004459403600770921,0.0635532178238747,0.05312838952517418,0.05879041231675869,4.802822590302851e-42,2.3630098304266977e-07,0.00010354260206911946
186,0.9268171540972517,0.025938681724534365,8.94391763749301e-11,0.004595286432775801,0.021217798914659556,1.0137645867517679e-15,0.019317694435417785,2.8532050938540353e-15,2.0851215633804297e-19,0.002113384305917728
187,0.041740323304873685,0.027675215931666674,0.1103529647216379,0.44571720454807706,0.014990583398748753,0.21252039384537125,0.029458444251229586,2.1204143076252733e-14,0.09915501332701221,0.01838985667136165
188,0.32296165381089265,0.028118741801780242,0.02919763529994576,0.09425128798240891,0.14091751480884232,0.11941718418617259,0.09334286751024207,0.1005846113948605,0.005160146717507112,0.06604835648734798
